1084 1097 1126 2183 2375
1261 1394 2375
582 644 668 1082 1100
349 897 1142 1243 2316 2363
1098 1143 1816 2375 2402
121 219 363 1500 1943
964 1017 1126 2096 2183
1079 1189 2316 2356
766 1079 1720 1816 2356
209 298 593 1565
276 1709 1737
1236 1709 1737
508 752 881 1763
624 1182 1243 1456
114 209 358 593 1534 2209
320 358 1208 1534 2339
173 320 358 1534 2339
319 388 1131 2403
319 388 1324 2403
358 1097 1394 1809 2395
762 839 1502
1191 1196 1360 1943 2395
582 869 1611 1796 1816
582 869 1611 1796 2419
324 582 869 1611 1796
255 319 388 2403
169 229 574 1680
169 229 574 1816
169 229 574 1046
181 394 1599 1970 2107
1007 2099 2196
1027 1172 1719
181 461 979 1096 2192 2339
1816 1834 1946 2202 2264
363 1535 1870 1943 2031 2400
358 1336 2060
358 1156 1317 1324 1336
358 559 1336 1607
225 508 720 754 1012
1278 1292 1505 1816 2239
75 1156 1317 1324 1943 2202 2264
1208 1784 1935 2339
559 1208 1407 1607
1208 1407 2060
1407 1590 1943 2339
1747
111 490 547 1235 1605
766 1079 1720 1816 2356
1079 1189 2316 2356
1084 1097 1126 2183 2375
1261 1394 2375
582 644 668 1082 1100
818 1608 1816
209 588 1458 1833
1456 1697 1911 2215
294 790 1377 1456 2339
294 1325 1456 2339
75 418 781 892 2375 2398
188 418 892 1887 2375 2398
892 945 1669 2375 2399
189 945 2375 2399
349 897 1142 1243 2316 2363
1098 1143 1816 2375 2402
121 219 363 1500 1943
964 1017 1126 2096 2183
358 1264 1958 2333
1084 1097 1126 2183 2375
1261 1394 2375
582 644 668 1082 1100
818 1608 1816
209 588 1458 1833
1456 1697 1911 2215
294 790 1377 1456 2339
294 1325 1456 2339
75 418 781 892 2375 2398
188 418 892 1887 2375 2398
892 945 1669 2375 2399
189 945 2375 2399
349 897 1142 1243 2316 2363
1098 1143 1816 2375 2402
121 219 363 1500 1943
964 1017 1126 2096 2183
181 349 1142 2176 2202 2363
1084 1097 1126 1816 2183
766 1079 1720 1816 2356
1079 1189 2316 2356
225 1215 1680 1721
225 245 308 1215 2375
181 225 505 1215 1314 2269
225 508 2129
90 678 1670 1816 1834 1943
90 324 678 1670 1721 1943
1605 1706 1816 1951 2081
225 1336 1816 1834
358 678 1336 2129 2395
358 678 1336 1834 2395
123 426 479 1534 1582 1834
116 426 479 733 1534 1582
116 426 479 1534 1582 1594 1680
116 426 479 860 2210